close
13161.25
13161
13163.25
13163.5
13162
13163
13161
13162
13165.5
13165.5
13166.25
13166.25
13165
13164.75
13165.25
13166.5
13167
13168
13167.75
13167.75
13168.25
13168.75
13169.25
13168.5
13168.75
13168
13169
13167.5
13168.25
13168.75
13169.25
13168.5
13168
13167.75
13167.25
13165.75
13164.75
13164.5
13164.5
13165.5
13165.25
13163.25
13164.25
13163.5
13163
13164
13163.25
13163
13164.75
13166.25
13166.25
13166
13167.25
13165.75
13166
13164.75
13164.75
13164.5
13166.5
13166
13164.75
13165.25
13164.5
13165.75
13163.75
13163.25
13164.75
13164.75
13165.5
13166.25
13165.25
13166.25
13168.25
13168.5
13168.25
13168.75
13169.25
13171
13170.75
13170.25
13169
13169.5
13170.25
13170.5
13169
13168.75
13169.75
13169.5
13169
13168.5
13167.25
13169.5
13171
13171.5
13170.25
13169.25
13168.5
13169
13168
13167.5
13167.25
13166.25
13166.5
13166.25
13166.75
13165.75
13165.25
13165
13165
13165.75
13166.75
13166.75
13166.75
13168.25
13169
13169.75
13171.5
13172.25
13172.5
13172.25
13172.5
13172.25
13171
13171.75
13169.75
13165.75
13162.5
13163.5
13164.5
13165.5
13167.75
13170.25
13177
13177.25
13181.25
13185
13183
13184
13184.75
13182
13180.25
13180.75
13179.5
13177.5
13174.5
13173
13171
13169.5
13169.25
13169.25
13169.75
13163.25
13163.25
13166
13166
13167.25
13166.5
13163.25
13156
13158
13160
13153
13152.5
13155.25
13157.5
13154.5
13155.75
13154
13156
13155.25
13154
13154.25
13154.25
13155
13155
13155.75
13154.5
13157.5
13160.25
13161.75
13160.25
13156.25
13156.25
13156
13154.5
13153.75
13153.5
13154.25
13154.75
13155
13155
13155
13154.25
13153.5
13152.75
13155.5
13156.25
13156
13156.25
13157
13158.5
13158.5
13159
13159
13158
13159.75
13161.25
13160.25
13160
13160.75
13162.25
13159
13156.25
13154.75
13154
13156.75
13156
13159.75
13163.75
13164.5
13162
13160.25
13162.5
13161.5
13159.5
13157.75
13157
13158.25
13157.5
13157.25
13156
13155.75
13157
13160
13160
13160.75
13160
13160.75
13161.75
13161
13160.5
13162.5
13163
13161.5
13164.5
13162.75
13163
13164.75
13165.5
13166.5
13169
13168.5
13168.75
13169.75
13168.25
13168.25
13168
13168.5
13168.5
13167.75
13166.75
13168.5
13169
13170
13169.5
13167
13171
13173
13171.25
13171
13171.75
13171
13170.25
13170.5
13169.25
13168.5
13169.25
13168.75
13169
13169
13168.5
13170
13171.5
13171
13171
13170.25
13169.25
13168
13166.5
13168
13168.75
13167.5
13168
13168
13167.25
13165
13164.75
13163
13163.75
13163
13163
13163.75
13162.75
13163.75
13164.5
13165.5
13163.75
13165.25
13164.75
13163.75
13163.25
13160.75
13163
13162.5
13163.5
13162.75
13163.25
13163
13164.75
13163.5
13163.25
13166
13168.75
13169
13169
13167.25
13167
13166
13166.75
13166.75
13163.75
13163.5
13163
13163.75
13164.25
13163.5
13161.25
13161
13161.25
13159
13159
13159.75
13158
13157
13158
13156.75
13156
13155.5
13154.5
13155
13154.25
13154.75
13155.75
13154
13155.25
13149.25
13151.5
13153
13152.75
13151.75
13153.5
13154
13154.5
13155
13154.25
13153.75
13153.75
13154.75
13155.5
13154.5
13156
13156
13156.25
13156
13156
13157
13156
13156.25
13155.75
13155.25
13155.5
13156
13154
13154.5
13155
13154.5
13154.75
13154.5
13156.5
13156.75
13158
13158
13156.5
13155.75
13157.25
13156
13155
13154.25
13155.25
13155.5
13155.75
13157.5
13156.5
13156
13156.75
13157
13156
13151.75
13151.25
13150.75
13150.5
13151
13151.25
13148.75
13147.5
13148
13150.5
13149.75
13148.5
13146
13149.75
13147.75
13148
13148.25
13148
13147.5
13149.25
13146.75
13145.75
13146.5
13147.5
13147.25
13149.25
13151
13152
13151.75
13151.5
13151.5
13151
13152
13150.5
13152.5
13153.25
13152.75
13153.5
13152.75
13151.5
13151
13150.75
13152
13154
13155.25
13155.25
13154.5
13154
13154
13155.25
13155
13154.75
13156.25
13155.5
13155.5
13157
13158.75
13159.25
13160
13158.5
13158.5
13160.75
13162
13161.25
13164
13162
13161.5
13160.75
13161.5
13163.5
13163.25
13162.75
13161.25
13159.75
13160.75
13159.25
13160.25
13160.25
13163.5
13164.5
13166
13165.25
13166.25
13165.25
13167.5
13167.75
13166
13168.25
13170.75
13170.75
13171.5
13169.25
13168.25
13167
13167
13170
13170
13168.25
13167.75
13166.5
13167.5
13168.75
13165.75
13168
13169
13167
13167.75
13166.5
13165.5
13165.5
13164.75
13166
13165.75
13165.25
13167.25
13168.5
13168
13166.75
13165
13163.75
13159.75
13161.25
13160.25
13161
13160
13160.5
13163.5
13162.25
13161.5
13164
13162.25
13160.75
13158.75
13162.75
13163.25
13168.75
13168.75
13167.25
13160.75
13154.5
13157
13157.25
13162
13163.5
13161.5
13160
13158.75
13156.75
13159.75
13159.5
13156
13156.5
13153
13155.25
13157.5
13160.5
13160.5
13163.75
13168
13173.25
13168.75
13167.25
13170.75
13175.5
13176
13176
13175.25
13173.5
13169.25
13170.5
13170
13168.75
13166.75
13166.75
13165.25
13162.5
13164.75
13165.5
13165.5
13167.75
13167
13165
13164.25
13166.75
13164.75
13165.75
13166
13166
13167.25
13164.5
13166.25
13168.5
13165.25
13166.75
13167.75
13168.25
13174
13176.25
13175.75
13173.25
13175.75
13175
13175.25
13177.5
13177.25
13180.5
13186.75
13182.25
13183
13183.75
13185.25
13184.25
13182.25
13184
13182.25
13181.75
13180.25
13180.75
13177.5
13176
13179.25
13178.5
13176.25
13180
13181
13180.25
13179.75
13179.75
13179.75
13181.5
13182
13181.25
13179.5
13180.25
13179.25
13177.25
13177.25
13175.75
13177
13177
13177.5
13182
13179.25
13181.25
13181.75
13183.5
13183
13183.25
13182.5
13185
13186.75
13189.5
13190.25
13191.5
13190.5
13194
13196.25
13194.75
13196.25
13195.5
13196.25
13196.25
13193.5
13194.75
13194.5
13192.5
13193
13191
13193
13195.75
13198.5
13198.25
13196.75
13195.5
13195.25
13192.75
13191.75
13195.5
13197.25
13197
13198
13196.25
13194.25
13195
13195.25
13194.5
13195.5
13195.25
13196
13193.25
13193.75
13194.25
13195.75
13200.5
13199
13198.5
13199.75
13196.75
13196
13196.75
13195.75
13195.25
13195.75
13195.25
13195.75
13198.75
13200.75
13200.5
13202.75
13203.75
13205.25
13207.5
13207.5
13204.75
13204.25
13206.5
13205.75
13204
13202.25
13203
13204.25
13202.5
13203.5
13202.75
13202
13198.75
13202.5
13206.25
13206.75
13205.75
13206
13204.25
13202.75
13205.5
13205.5
13201.25
13198.5
13203.5
13201.25
13201
13201
13201
13201.75
13199.75
13197.5
13197
13192.25
13192.5
13188.25
13186.75
13187
13186.25
13185.5
13186.75
13184.25
13184.5
13186.25
13185
13182.5
13183
13181.5
13180.25
13177.75
13177.5
13175
13176
13177.75
13180.5
13181.5
13182.5
13182.5
13181
13179.5
13182
13183
13176.25
13178
13174.75
13166.75
13153.25
13147.75
13150.5
13150.5
13146.25
13146.75
13145.25
13143.5
13137.25
13142.5
13138.75
13143.5
13144.75
13146
13146.5
13146.25
13148.75
13145.5
13145.25
13142.5
13145.25
13145.25
13144.25
13135
13142.75
13138.75
13141
13139
13139
13137.75
13132.75
13128.25
13127
13129.5
13132
13129.25
13126.75
13130.5
13132.75
13133
13138.25
13132.75
13133.5
13126.75
13130.5
13134.5
13136.5
13138
13140.25
13139.75
13140.25
13141
13138.75
13136
13135.75
13135.75
13137.5
13136
13134.75
13135
13137
13136
13137.25
13138.25
13140.5
13141.5
13143.25
13141.25
13142.5
13144.25
13142.5
13143.25
13142.75
13142.25
13141
13145
13149.25
13150
13148.75
13149
13148
13147
13145.5
13142.5
13147
13146.5
13144.5
13145.5
13145.25
13148.5
13151
13154
13152.5
13152.5
13154.5
13156.5
13156
13152.75
13154.25
13155.75
13156
13156
13155.25
13151.5
13151
13150.5
13150.5
13150
13147.25
13144.25
13142.25
13144.5
13136.75
13136.25
13138.75
13139.25
13132.5
13134
13134.25
13131
13129.25
13137.75
13136
13139.5
13145
13145.5
13147.25
13153
13156.25
13159
13162
13156.25
13158.25
13157.5
13155.75
13156.75
13156.5
13156.25
13159.75
13153.75
13150.75
13151.75
13155.5
13159.75
13136.75
13131
13129.75
13142
13148.25
13151.75
13138.25
13133.5
13129.25
13130.25
13118.25
13110.25
13101.5
13109.5
13112.25
13116.75
13115.5
13121
13121
13105.25
13106.5
13104.75
13103.25
13102.75
13103.75
13109.5
13113.5
13115
13115.75
13106.5
13109.25
13106.5
13106.5
13115.25
13108.75
13098.25
13103
13104.75
13102.5
13105
13098.25
13097.5
13084.75
13092.75
13084.5
13086.75
13081.5
13070.75
13072.75
13078.75
13086.25
13086.5
13087
13091
13097.25
13099
13097.25
13100.75
13104.25
13105.5
13102.5
13100
13096
13097.25
13086
13080
13073
13080.75
13085.5
13081.5
13085
13084.25
13077.25
13076.25
13069.75
13075.25
13063
13063
13072.75
13081
13086
13083.5
13078
13077
13073.25
13073.75
13065.5
13067
13063.25
13064.5
13066.5
13060.75
13062
13064.75
13063.75
13073.25
13073.75
13069.75
13072
13068.75
13067.5
13067.25
13076.5
13081
13083.75
13083
13084.5
13086.5
13085.25
13091.5
13091.75
13091.25
13092.25
13093
13093.5
13088.5
13080.75
13079.25
13080.25
13074.75
13077
13075
13078.25
13078
13077
13064.75
13060.25
13059.5
13060.5
13072.75
13070
13070.5
13070.25
13062
13061
13056.5
13056.5
13062
13071
13073.5
13077.5
13073.75
13073.75
13076
13078.5
13074.5
13070.75
13079.75
13076.5
13075.75
13081.75
13083.5
13086.75
13087.75
13086.25
13085.25
13081.5
13080.25
13084
13086.5
13093.5
13097.25
13102
13095.75
13093.75
13091.75
13087.25
13083
13082
13083.25
13089.5
13089
13088
13079.75
13084
13074.5
13081.5
13085.25
13082.5
13086.75
13088
13085.25
13091.5
13088.5
13083
13077
13064.25
13071
13073
13070
13073.5
13076.75
13071.5
13078.5
13079.25
13083.25
13083.75
13083
13086.5
13084.75
13086.25
13087
13093.25
13096.5
13096.25
13093.5
13093
13097
13100
13097.25
13100.5
13100
13095.5
13094.25
13094
13096.25
13096.25
13098.25
13101
13095.5
13094.25
13090.25
13091.75
13088.5
13079
13082
13084.25
13085.5
13080.75
13087
13086.75
13087.25
13088.25
13090.25
13093.75
13094.5
13097.75
13097.25
13100
13101
13107.5
13108.75
13107.25
13103.25
13101
13097.75
13104
13102.75
13100.75
13104.5
13106.5
13107.5
13108.5
13107.5
13109.25
13116
13113.25
13117.25
13119.25
13119.75
13118.5
13118.5
13115.75
13114
13119
13118
13119.25
13117
13122.75
13122.25
13123.75
13121
13118.75
13113.5
13115.5
13112.75
13115.25
13116.5
13115
13115.25
13110
13111.25
13115.75
13113.25
13109
13110.75
13114.75
13113.5
13115
13117
13119.5
13116.25
13119.5
13116
13117
13121
13121
13122.5
13125.25
13126.75
13131.5
13130.75
13130.5
13130
13124.5
13127
13121.5
13123.25
13125.25
13125.75
13128.25
13130.25
13129
13129.25
13125.5
13126.5
13125.75
13129
13127.5
13127.25
13123.5
13124.75
13121.25
13123
13121.75
13122.5
13122.25
13125
13127.25
13126.75
13126.5
13122
13120.5
13122.25
13122
13119.25
13114.25
13117.5
13113.5
13116.5
13119.75
13119.5
13127
13126.75
13126
13129
13127.5
13128.25
13129
13128.75
13128
13128.75
13129.75
13130.75
13126.25
13121.25
13123.5
13120.25
13121.75
13123.75
13124.75
13124.25
13119
13120
13115
13112.25
13110.75
13108.75
13097.75
13093.25
13089.5
13093.25
13086
13088.5
13087.75
13082.75
13082.25
13079.75
13081.25
13076.75
13072
13068.25
13066.25
13066
13074.25
13065.25
13066.25
13066
13072.5
13076.5
13081.5
13083.5
13083.5
13081.5
13079.75
13079.75
13082.5
13084
13080.5
13080.25
13081.25
13081.25
13081.5
13083.75
13081
13082.25
13082.5
13082.5
13082
13082
13083.75
13083
13083
13083.75
13084.25
13083.5
13084.75
13085
13084.75
13085.25
13086
13085.5
13085
13085.75
13086.25
13085.75
13086
13085
13084.75
13083.25
13082.25
13083.75
13084
13085.75
13084
13084
13084.5
13084
13083.25
13078.5
13081.5
13084.25
13082.75
13084
13084.75
13083.25
13082.25
13082
13081.25
13081.25
13079
13078
13077
13078.75
13078.75
13080.75
13081
13081.25
13081.25
13080.75
13082.75
13087
13085.25
13084
13085
13083.25
13084
13083.25
13082.5
13083.75
13084
13082.5
13083.75
13082.25
13082.5
13083.25
13083.5
13084.5
13083.5
13084
13085
13086.75
13085
13083.75
13085
13084.5
13085.5
13085.5
13086.5
13087.75
13086
13086
13086.25
13085.5
13085.75
13084
13082.75
13083
13083
13083.5
13084.25
13083.5
13081.75
13083
13084
13083.5
13084.75
13084.25
13085.5
13085.25
13084.5
13085
13084.75
13084.5
13085.25
13086
13084.5
13084.75
13085.25
13086.25
13085.25
13087
13087
13086.75
13086.5
13088.25
13088
13088
13086.25
13087.5
13088.25
13087.5
13088.25
13088
13088
13088.5
13088.5
13088.25
13088.5
13088.25
13087.75
13087.75
13088
13088.5
13088.5
13088.5
13089
13091.25
13092.5
13092.25
13096.25
13094
13094.75
13094.25
13094.5
13093
13092.75
13092.25
13092.25
13092.25
13091.75
13090.75
13092
13092.75
13093.5
13092.75
13092.25
13092
13091.5
13089.5
13092
13092
13091.75
13092
13092.75
13091.5
13091
13089.75
13089.5
13087.5
13087.25
13087.5
13090
13090.25
13090.5
13089.5
13086.5
13086
13085.75
13085.25
13086.5
13082.75
13082
13080.5
13081.75
13082.5
13080
13080.75
13081.75
13082.5
13081.5
13083.75
13082.25
13084.25
13084.5
13084.5
13084.25
13085
13083.5
13081.25
13080
13081.5
13082
13083.25
13083.75
13081.75
13082.25
13083
13082.75
13083.5
13082.75
13083.5
13082.25
13083.25
13082.5
13083.75
13083
13082.25
13083.25
13084.25
13085
13085.25
13090.25
13087.5
13087
13087.5
13084.5
13085.25
13083
13082.75
13083.25
13082.25
13083.25
13085
13084.25
13085
13085.5
13085.5
13082.5
13081.5
13079.75
13077.75
13077.75
13079.25
13079.5
13079.25
13079
13079.75
13078
13077.25
13077.75
13077.5
13077
13078
13078
13076.75
13075.25
13071.25
13069.75
13072.25
13074.75
13072
13072
13071.75
13073
13071.5
13072
13071
13071.25
13072
13073.75
13073
13075.25
13074.5
13076.75
13077.5
13077.25
13076.25
13076
13077.5
13078.5
13079.25
13079.5
13079.5
13078.5
13079.25
13078.5
13077.75
13077.25
13076
13076
13076
13077.75
13078
13078
13079
13078
13078.5
13077.75
13078
13077.25
13077
13077
13075.25
13075.5
13075.75
13075.75
13075
13075
13075
13073
13073.5
13072.5
13073.25
13072.75
13073.5
13073.25
13073.75
13074.75
13074.5
13077.75
13077
13077.5
13078.5
13079
13078.75
13077.25
13076.75
13075
13074.75
13075.5
13074.75
13073.75
13074.25
13074.25
13074
13072.75
13073.5
13075.75
13077.5
13077
13074.75
13074.25
13073.5
13073.75
13074.75
13075.5
13074.25
13074
13074.25
13075
13075.5
13074.75
13073.75
13074.25
13074.5
13073.75
13073
13073
13074
13073.75
13074.5
13075.5
13074.25
13074.25
13074.5
13075.25
13075.5
13075.5
13075.5
13075
13075
13076.5
13076
13076
13077.25
13077.5
13075.5
13076.25
13075
13075.5
13075.75
13075.25
13075
13075
13074.75
13074.5
13072.75
13070.75
13073
13072.25
13071.75
13072.5
13074.5
13074.25
13074.5
13072
13073
13072.75
13073
13072.5
13071
13072.5
13071.75
13071.5
13072.75
13071.5
13071.75
13071
13070.75
13070.5
13072.25
13072.75
13072.5
13073
13072.5
13073
13073.25
13074.75
13075
13076.5
13076.25
13077.5
13076.5
13076
13076
13076.75
13076.5
13076.25
13076
13076.5
13076.25
13076.25
13076.75
13076.5
13077
13077.5
13077.5
13078.25
13078
13082
13082.25
13083
13083.75
13082
13078.75
13077.75
13078.25
13078.5
13078.5
13078
13078.25
13078.5
13076
13075.25
13074
13074.25
13073.75
13073.75
13075.25
13076.25
13075
13075.25
13076.75
13077
13077.5
13077.5
13078
13078.25
13077.25
13078
13077.25
13074.75
13074
13073
13072.25
13073
13074.5
13072.5
13074.75
13075.5
13077
13077.5
13076
13076
13076
13076.25
13074.5
13073.5
13075.25
13074
13075.25
13075.5
13075
13075
13075
13075.5
13076.25
13077.25
13078.75
13078
13076.75
13077.25
13076
13074.75
13076.25
13076.5
13075.25
13074.75
13075.75
13074.75
13075.75
13077
13076.5
13076.5
13076.25
13076.75
13077.5
13077.25
13076.75
13075
13073.25
13073.75
13072.75
13072
13072
13068.25
13070.75
13070.25
13069.75
13065.5
13066.75
13066.25
13069
13065.5
13063
13064.25
13062.75
13063.75
13063
13063.5
13065
13065
13063.75
13063.5
13064.25
13058.25
13051.75
13051.5
13052
13053.5
13052
13052.25
13054
13054.75
13054.75
13051.75
13053
13054
13052.25
13053
13052.5
13052.25
13054.25
13055
13057.5
13058.5
13058.75
13060.75
13060
13059.25
13058.75
13061.25
13061.25
13060.5
13060.75
13059.75
13060
13060
13059.25
13055.25
13056.5
13058.75
13059.25
13057.25
13057.75
13058.5
13056.25
13055.25
13056.25
13053.25
13055
13055.5
13056.75
13054
13057
13057
13059
13057
13057.75
13058.75
13059.5
13061.5
13062.25
13062.25
13062.25
13059
13057.25
13055.25
13055.5
13050.25
13051
13050.75
13045.75
13044.25
13042.25
13042
13041
13042.25
13043
13047.5
13052
13054.25
13055.25
13055.75
13057.5
13056.75
13055
13055.5
13059.5
13060
13060
13061.75
13057.5
13057.25
13058.75
13060.25
13059.75
13060.25
13062
13062.25
13067.5
13067.25
13068.5
13070.5
13073.75
13069.25
13072
13079.25
13079.25
13082.5
13081.5
13081.5
13080.5
13081.5
13088.5
13087.25
13086.75
13090.75
13089.5
13086.75
13086.5
13087.25
13089
13087.5
13087.5
13087.5
13087.25
13086.75
13086.25
13085.25
13086
13082.5
13084
13082.25
13084.5
13084.75
13082.5
13082
13078.25
13077.25
13077.5
13078
13077.25
13077.75
13077.5
13077.5
13078
13081
13079.5
13079
13079.5
13080.75
13079.5
13078.5
13076.75
13076.75
13074
13072.25
13076.75
13077.25
13074.75
13074.75
13074.5
13075.75
13074.5
13073
13074
13075
13078.25
13078
13076.25
13075
13075.25
13074.75
13072.75
13073.25
13074.5
13071.25
13071
13068.75
13070
13071.75
13074
13074
13075.25
13078
13078
13078.5
13081
13082.5
13082.5
13082.75
13082.75
13084.5
13083.5
13080.75
13082
13082.25
13083.75
13082.5
13082
13082.25
13081.75
13080.75
13082.5
13084.5
13084.25
13082
13079.75
13080.75
13081.75
13083.75
13085
13084.25
13092
13090.25
13089
13088
13090
13093
13092.75
13094
13093.75
13095.25
13094
13093.75
13096
13098.75
13099.5
13098.25
13098.75
13095.5
13096.25
13092.5
13088.5
13086
13087.75
13088
13085.75
13085.5
13085
13083
13084
13085.75
13084
13084.5
13084.5
13086.5
13085
13085
13084.25
13080.25
13083.75
13083.75
13084.5
13084.25
13082.5
13083.75
13080.75
13080
13076.25
13076.5
13074
13076.5
13077.25
13076
13079.25
13076.75
13078.75
13077.75
13076.25
13075.75
13075.75
13072.75
13071
13072.25
13070.5
13069.5
13071
13071.25
13068.5
13070.25
13076.5
13075.25
13073.25
13071.5
13071.75
13070
13071.5
13070.25
13069.25
13073
13075.5
13074.75
13077.5
13076
13071.5
13070
13067
13064
13066
13066.75
13066
13065.5
13064.75
13065
13067.25
13066.5
13065.75
13069.75
13069.75
13070
13068.75
13068
13071.75
13071.5
13069.25
13068.25
13070.5
13072.25
13071.5
13078.5
13081.75
13083.75
13083.75
13086
13084
13085.75
13085.75
13085.25
13083.5
13085.5
13087.25
13089
13089.25
13089.5
13093.75
13094
13092.5
13089.25
13084.5
13082.5
13084
13082
13081.5
13082.5
13081.5
13084.5
13083.25
13087.25
13081.5
13081.25
13078.75
13077.5
13074.5
13073
13074.5
13074.25
13072
13075.25
13076
13078
13081.5
13081
13074.25
13076.5
13075.5
13063
13051.5
13180.25
13182.5
13205.25
13216.5
13229.5
13228
13223.25
13220.25
13204.75
13206
13209.5
13210.5
13194.5
13204
13196.75
13187.5
13178
13183
13192.25
13182.25
13191.5
13193.75
13187.75
13190
13183.25
13193.75
13199
13191.25
13187
13174
13165.75
13175.25
13180
13175.25
13173.75
13162.75
13171.75
13174.25
13175.5
13168.25
13172
13175.25
13180.25
13186.5
13183.25
13182.75
13180
13174.5
13176
13175.5
13174
13174
13166.5
13167.25
13168.75
13163.75
13160.25
13152.25
13156.25
13156.75
13137.75
13164.75
13169.75
13177.75
13149.5
13142.5
13153
13143.75
13146.25
13135.25
13119.25
13096.5
13105.75
13093.5
13092.75
13077.5
13057.25
13037.5
13058.75
13065.5
13068
13065
13055.25
13054.5
13065.75
13074
13075.75
13074
13069.75
13065
13047.5
13061.5
13074.75
13082
13084.25
13089.25
13094.25
13100.75
13097.75
13093.25
13102
13114
13110
13112
13104.75
13112.5
13111.5
13101.5
13089.25
13091.25
13101.5
13117.75
13120.25
13108.75
13112.25
13094
13098.75
13097.25
13114.25
13118.5
13109.25
13109
13112.75
13088.5
13073.5
13067.5
13059.5
13041.5
13055
13044.75
13056.75
13065.75
13066.5
13057.25
13054.25
13053.75
13065.25
13063.5
13072.5
13070
13076
13064.25
13046
13053.25
13043.75
13015
13012.5
13026.75
13017
13009.25
13013.5
13008.75
13011.25
13008.25
13008.5
13012.25
13011.25
12995.25
12997.75
12992.25
12990
12983.25
12981.5
12979.5
12991.75
12994.25
12996.75
13003.75
13000.75
12999.75
13007.75
13014.5
13013.25
13019.75
13017.5
13017.75
13017
13024.25
13021.75
13026.25
13020.75
13027.25
13023.75
13021.25
13022.75
13017.75
13023
13018.75
13014
13019.75
13030.5
13031.25
13033.25
13039.5
13042
13046.75
13056.5
13052.75
13053
13057.25
13057.75
13057.5
13063.5
13065.25
13061.25
13066.5
13068.75
13073.25
13072.5
13071.25
13072.75
13075
13078.25
13077.75
13075.5
13073.5
13078
13077.75
13086
13081.25
13079.25
13076.75
13081.75
13078.25
13074.25
13073.75
13076
13067
13075.5
13074
13069.75
13069.25
13085.5
13075.25
13076.25
13081
13086.25
13082.25
13077.5
13076.75
13081.75
13079
13082.5
13081.5
13076.25
13076
13075.5
13071.75
13075.5
13079.5
13078
13075.75
13068
13069
13066
13073.25
13079
13077
13071
13074
13069.5
13066.75
13072.5
13073.5
13080
13086
13086
13085
13084.75
13085.5
13085
13071.5
13068.25
13072.25
13075.5
13080
13084
13086
13089
13087.25
13093.25
13103.75
13103.5
13108
13104.75
13099.75
13099.75
13094.25
13096.75
13096.5
13091.25
13091.25
13095.25
13085.25
13088.5
13088.25
13088.5
13096.5
13097.25
13092.5
13096.75
13097
13098.75
13101.25
13096.75
13098.25
13091
13091.5
13076.5
13076.5
13082
13077.75
13074
13071.5
13069.25
13058.5
13065.25
13069.25
13068.25
13066.25
13067
13072
13067
13070.75
13066
13068.25
13066
13067.75
13071
13066
13070.75
13061.5
13076.75
13075
13075
13072.5
13076.5
13080
13076.5
13057
13053.5
13056.5
13073.25
13075
13083
13082.25
13081.25
13084.5
13086.75
13082.75
13083.5
13077.5
13071
13072.75
13069.25
13063.75
13053.75
13035.5
13027.25
13019.5
13007.75
12999.75
13003.5
13006.5
13001.25
12996.5
13001.25
13006.25
13002.5
12994.75
12998.5
13003
13005.75
13001.25
13006.25
13008
13002.5
12996.5
12991.25
12988
12989.75
12987.75
12996.25
12995.75
13000.75
13000.25
13009.75
13005.75
13001.25
13001.5
13002.75
13015
13011.25
12989
12991.25
13001.75
12995.75
12996.25
12998.5
12999.5
12980.75
12980.75
12974.5
12974.25
12971.75
12959.25
12958.5
12962
12966.5
12962.5
12956.75
12966.5
12968.25
12964.75
12959
12957.75
12950.75
12951
12949.5
12951.25
12963.25
12964.5
12962.5
12969
12966
12973.75
12965.5
12968
12970.5
12974
12972
12972.25
12967.5
12965.75
12968.25
12973.75
12981
12972.25
12962.5
12958.75
12957.5
12966
12963.25
12958
12955.5
12940.75
12946
12943.25
12951.25
12958
12957.5
12957
12957.75
12956.75
12959.25
12959.25
12959.25
12960
12958.5
12959.5
12960
12961.75
12960.75
12960.5
12961
12958.75
12955.5
12957
12955
12955.25
12954
12954.5
12955.5
12955.75
12956.5
12957.25
12956.75
12954.5
12953.75
12953.5
12954.25
12952.25
12954
12954.25
12954
12952.75
12952.5
12955.25
12956.25
12956
12956.5
12956.25
12954.25
12954.5
12953
12953.25
12952.25
12953.25
12954.75
12954
12954.75
12955.25
12955.25
12955.25
12955.75
12956.5
12954.5
12956.25
12958.75
12957.5
12956
12952.5
12956
12955.75
12951.75
12950.75
12951
12949.25
12947.75
12948.25
12949.5
12948.75
12947.25
12951
12949.75
12950
12949.25
12946.75
12946
12943.75
12942.5
12942.5
12945.25
12944.75
12943.75
12945
12945
12944.75
12943
12943.5
12942.25
12942.5
12942.75
12943
12943.75
12945
12945
12945.5
12945
12945.75
12943
12943.5
12943
12935.75
12934.5
12933.75
12934.5
12932.25
12933
12932.25
12932.5
12932.75
12933
12932.75
12933.75
12933.5
12933
12934.5
12934.75
12937.25
12941.75
12940.5
12943
12941.75
12941.75
12940.25
12938.75
12938.75
12938.5
12938.75
12938.75
12940
12944
12942.5
12942
12941
12940.25
12939.25
12940.75
12940.25
12941.75
12943
12945
12944.75
12947
12946
12945
12945.75
12945
12944
12948
12947
12947
12947.75
12944.5
12945.75
12945
12943
12942.75
12941.75
12939.5
12941
12943.5
12941.5
12940
12938.25
12939.5
12939.75
12939.75
12940.5
12939.75
12939
12939.25
12937
12937.25
12934.25
12929
12928.5
12929
12931.5
12932.25
12933.5
12935.25
12935
12936.5
12936.75
12938.5
12937.5
12936
12938.25
12938
12937.5
12937.75
12939.75
12939.75
12937
12936.5
12933.5
12937.5
12938.5
12942
12941.5
12942.5
12942.5
12942.75
12943
12942.5
12945
12944.75
12943.5
12946.25
12945.75
12946.25
12948.5
12948.75
12948.75
12951.25
12951.75
12953.25
12956.5
12958.5
12955.5
12953.75
12951.5
12952.25
12952
12951.75
12950.75
12951
12950.75
12948
12948
12947.25
12950.75
12951.75
12952.75
12953.25
12955.75
12957.5
12958
12959.5
12958.25
12958.5
12961.25
12958.5
12959
12956.25
12953.75
12954.25
12955.25
12956.25
12955
12954.25
12954.5
12954.75
12955.25
12951.25
12951
12950.5
12952.5
12953.75
12954.75
12954.75
12953.75
12955.5
12955.5
12953.75
12956
12956.75
12954.75
12951.75
12952.75
12955.75
12954
12954.75
12951.75
12952.75
12953
12953.75
12959.5
12957.75
12957.75
12958.25
12960.75
12955.5
12954.75
12953.75
12955.25
12954.75
12955
12957.5
12956.75
12958.75
12960.75
12961.5
12960.25
12962
12960.75
12960.5
12962
12961.75
12962
12962
12960.5
12961
12961.5
12963.75
12963.5
12965
12966.75
12968.5
12968.75
12969.5
12971
12971.5
12968.5
12967.75
12968.25
12967.25
12968.25
12967.75
12969
12969.75
12970
12970.25
12969
12969.5
12972.25
12971
12972.75
12972
12969
12969.5
12969.5
12969
12972
12971.5
12973
12975.25
12975.25
12973.75
12973.25
12971.75
12971.75
12972
12972.5
12972.25
12972
12971.5
12972
12971.75
12971.25
12969.25
12970.75
12970
12969.75
12968.5
12970.5
12969
12968.75
12968.25
12968.75
12968
12969
12969.5
12970.75
12968.5
12969.5
12968.75
12966.75
12968.5
12969
12970.75
12972.75
12973
12973
12973.25
12972.25
12971.5
12971.75
12972.25
12972.5
12972.5
12973.25
12976.5
12976.75
12976.5
12974.5
12974.75
12973.75
12973
12972.5
12972.25
12972.5
12972
12973.25
12972.75
12973.25
12971.25
12972.25
12973.75
12973.75
12971.25
12972.25
12972.5
12972
12972.25
12971
12970.75
12969.5
12968.5
12969.75
12970
12970.25
12971.75
12972
12972
12972.5
12973
12973
12972.5
12971
12972
12970.25
12970.5
12969.75
12972.75
12973
12973.5
12973.25
12975
12975.5
12976
12974
12973.75
12974.5
12974.25
12974.75
12975.25
12975.75
12974.25
12974.25
12972.75
12972.25
12973.5
12973.5
12973.5
12972
12972.5
12972.25
12976.25
12977
12977
12975.5
12974
12972.25
12973.25
12971.75
12971.25
12971.5
12971.25
12971.25
12971.25
12972.25
12971
12971.5
12972.75
12971.75
12973.75
12973
12971.75
12971.25
12972
12973
12973.5
12972.75
12971.5
12972
12971.25
12973.75
12974.75
12976.5
12973.5
12974.25
12973.75
12973
12974.25
12975
12975
12976.5
12978.5
12979.25
12978.25
12976.25
12975.25
12976.5
12976.25
12976.25
12975.5
12975
12976.75
12977.75
12977.25
12977.5
12976.25
12975.25
12974.5
12974.75
12970.75
12970.25
12970
12969.75
12970.5
12972
12970.75
12970.25
12969.75
12969
12967
12967
12967
12967.25
12966.75
12968.5
12968.5
12968
12968.75
12965.75
12966.75
12966
12964.75
12963.75
12965.5
12965.75
12967
12968
12967
12968.75
12967
12969.25
12968.25
12974
12978.25
12976.5
12973.25
12971.5
12974
12974.75
12973
12972.5
12973.5
12970.75
12969
12970.5
12971.75
12970.5
12971
12972.5
12973
12975.5
12974.5
12971.75
12972.25
12972.5
12973
12974
12974.25
12974.25
12974.75
12973.25
12979.5
12987.75
12986.5
12986.25
12984.5
12984
12984
12984
12983.75
12984.5
12987.5
12988
12988.25
12990.75
12992.75
12996.75
12997.25
13000.75
13000
13002
13005
13003.75
13007
13006.75
13005.5
13006.75
13006.5
13005
13003.25
13003
13004.25
12998.5
13001
13002.5
13001.5
13002.75
13001
13002.75
13005.25
13004.5
13002.75
12998.75
13001
12996.25
12998.5
13002.75
12999
12998.5
13000
12998.75
12998.25
12997.75
12996.75
12994.5
12994
12997.5
13002.25
12998.75
12997.75
13002.5
13000.75
12999
13001.25
13004.25
13002.25
13002.75
12999.5
12998.5
12995.75
12994.75
12995.5
12994
12993.25
12992.25
12993.5
12994.75
12993.5
12994.75
12993
12986.5
12986.5
12987
12982.75
12984.25
12984.5
12987.75
12989
12989.25
12990
12988
12992.25
12996
12999.25
12995.5
12993.25
12996.5
12985.75
12987.5
12986.5
12985.5
12983
12981
12980.25
12980
12978
12975.75
12975.25
12972.5
12974
12975.75
12974.75
12974.5
12970.75
12973.25
12977.25
12981.5
12980.75
12977.25
12975.75
12978.75
12979.5
12979.5
12977.5
12976.5
12976
12976
12975
12975.25
12978.25
12975.75
12977.25
12975.25
12975.5
12975.25
12977
12977.5
12975.75
12976.25
12975
12972.5
12974.5
12973.25
12973.75
12975.5
12975.75
12976
12973.25
12967.25
12968.75
12974.75
12975.75
12973.75
12972.75
12972
12973.75
12974.25
12973.5
12974.25
12975.5
12977
12979.75
12981
12987.75
12987.75
12986.5
12986
12994.75
12996.25
13001.25
13003.25
13006.75
13012.25
13013.75
13014
13016.25
13011
13010
13006
13004.5
13004.5
13007.75
13003.75
13000.5
13001.25
12998.5
12999.5
13000.5
12999.25
12997.5
12995.25
12994
12991.75
12992.75
12993
12992.5
12992.5
12994.25
12994.5
12994.75
12994.5
12995.25
12993.5
12991.75
12992.5
12994.25
12994
12997.25
12996
12996.75
12995.75
12995.5
12996.25
12994.75
12994.75
12992.75
12995.25
12993.5
12990.25
12990.25
12991.25
12983
12979.75
12979.75
12979.75
12980
12981.75
12979
12978.5
12977.5
12977.25
12974.5
12977.75
12979
12975.75
12976.5
12977.75
12979
12979.75
12978
12977.75
12980.5
12984
12983
12983
12980.5
12979.25
12978.5
12981
12980.25
12982.5
12983
12984.5
12982.5
12983
12982.5
12983
12982.25
12984.25
12981
12978.5
12976
12976.25
12974.5
12974.5
12974
12975.75
12980.5
12982.75
12980
12981.25
12982.75
12979.5
12978.5
12979.5
12980
12978.5
12979
12980.5
12987.25
12986.75
12987
12988.75
12989.75
12991.25
12994.5
12995.5
12997
12996.75
12997
12994.75
12990.75
12987.75
12986
12989.5
12989
12990.5
12991.75
12989
12989.75
12986.75
12993.25
12992
12994.25
12996
12994
12991.75
12990.5
12990.25
12989.75
12989
12986.25
12983.25
12983
12981.5
12980.25
12979.25
12978.5
12979.5
12977.25
12979.75
12981
12983.25
12982.25
12978
12974
12968.75
12965.25
12964.75
12963
12965
12958.5
12959.75
12964
12957.75
12961.75
12964
12967
12967
12967.5
12968.25
12969
12966
12971.5
12968.5
12967
12970.5
12970.5
12971.5
12975.25
12976.25
12976.5
12976.75
12977.5
12979.5
12977.5
12978.5
12982.25
12982
12985
12987
13016.75
13008.25
13000
13002.5
12998.25
12999
13002.75
13003.75
13000.5
12995.5
12999
13000.75
13001.75
12997.5
13007.25
13008.5
13013.75
13014
13022.75
13023.25
13019.5
13017.5
13014.25
13016
13023.75
13028.5
13023.25
13022.25
13021.75
13025
13025.25
13026.5
13029.75
13033.5
13030.25
13023.5
13029.25
13026.25
13028.5
13026.75
13022.5
13020
13019.75
13022.75
13021.5
13018.25
13016
13014
13015.5
13012.5
13010
13014
13011.75
13010.5
13006.75
13007.25
13007.75
13011.25
13018.75
13027.25
13035.25
13045
13051
13048.25
13057.25
13052.5
13049.75
13053.75
13076.5
13067.75
13063.25
13061
13053.5
13063
13057
13053
13059
13068.5
13066.25
13067.25
13071.75
13051.25
13051.25
13063.5
13063.75
13067.25
13074.5
13062
13050.5
13067.25
13071.25
13070.75
13061.5
13066.25
13076.25
13081
13087
13099.5
13101.5
13096
13093.75
13092.5
13097.5
13111.25
13118.5
13129.25
13128
13137
13129
13130.75
13129
13127.25
13127.25
13125
13129.75
13124.75
13125.25
13130.25
13126.5
13129
13126.25
13117
13111.75
13119.25
13130.5
13126.75
13127.75
13127.25
13118.5
13118.25
13112
13106
13108.75
13113.75
13114.5
13105.25
13107
13110.25
13114.25
13117.75
13124.5
13121.25
13124.5
13125.25
13125
13127
13127.5
13122.25
13109
13109.25
13120.5
13127.25
13128.5
13129
13132.5
13139.25
13131.5
13120.75
13127.5
13129.25
13127.25
13128.75
13127.75
13119
13122.5
13123
13121.25
13120
13117.75
13119.75
13125.5
13124.5
13114.75
13116.5
13124.5
13128.75
13130
13124.75
13120
13129.5
13127.75
13129
13128.5
13123.25
13119.75
13125
13134
13130
13132.25
13133.5
13135
13138.5
13134.75
13134.75
13134.5
13130.75
13137.5
13133.75
13133.25
13128
13118.5
13117.75
13126.75
13123.25
13120
13125.25
13129
13132.75
13139.25
13139.25
13140.75
13145.25
13147
13144.5
13140.5
13143.25
13150.75
13153.25
13148.25
13139.75
13141.25
13139.75
13138
13138.25
13137
13140
13150
13150.25
13147.5
13146
13148.25
13149.75
13150.5
13153.5
13150.25
13145.25
13152
13152.5
13152.5
13154.75
13156.75
13152.5
13152.5
13152.75
13153.25
13150
13149.75
13151.5
13148.25
13152
13149
13148.5
13144.5
13145.5
13147.25
13145.25
13146.75
13142
13144.25
13144.75
13147.75
13147.5
13144
13145.75
13142.75
13142.75
13144.25
13145.5
13148.25
13147.5
13143
13132
13136.5
13142.25
13148.5
13151
13152.5
13152
13151.5
13151
13155.25
13163.5
13166.5
13162.5
13163
13161
13163.75
13165.75
13164.25
13163.5
13166
13164
13163.25
13163.25
13163.5
13162.75
13159.25
13158.75
13162
13163.75
13165.25
13165
13165.25
13158.75
13163
13163
13165
13170.75
13172.25
13174.5
13183.5
13184.75
13185
13184
13184.75
13186.25
13186.25
13184.75
13185.5
13187.25
13188.25
13185.75
13190
13192
13192.25
13193.25
13193
13192
13189.75
13192
13188
13193.75
13194.5
13196
13194.75
13197.75
13196
13199.25
13198.75
13199.25
13199.75
13199.5
13201.25
13202.25
13204.75
13210.25
13212.5
13209
13212.25
13212.75
13216.5
13216.25
13214
13209.75
13212
13210.5
13207.75
13206
13205.25
13203.75
13206.5
13204.5
13206.25
13203
13198.25
13196.25
13203.25
13205.75
13207.5
13202.75
13200.25
13202.75
13209.5
13209.25
13210
13204.5
13206.75
13210
13205
13206.25
13207
13202.25
13205.25
13207.75
13210.25
13208
13206.75
13208.25
13210.75
13206.75
13205.25
13203
13207.75
13210.5
13212
13212
13212.75
13209
13213.25
13214
13212.25
13207.25
13207.25
13206.5
13206
13205
13205.75
13207.75
13213
13214.75
13220.75
13224
13222.25
13213.5
13214.5
13214.25
13217.75
13214.75
13217.75
13219.25
13214.5
13217.5
13213.5
13210.75
13213.25
13207.25
13206
13213
13213
13210.75
13213
13216.25
13219.5
13220
13221.25
13224.75
13222.75
13213
13212.25
13209.25
13206.75
13206
13203.75
13207.25
13203
13208.5
13201
13205
13206.25
13210.75
13202.25
13201.25
13200
13201.5
13200.5
13201.75
13201.5
13200.5
13201
13199.25
13200
13199.25
13200.25
13201.5
13201
13201
13200
13201
13200
13200.25
13199.25
13200
13199
13199.25
13199
13200
13200.25
13199.5
13200
13200.5
13199.25
13199.5
13199.5
13199
13198
13198
13197.75
13197.25
13199
13198.5
13196.75
13193.25
13190.5
13189.5
13188.25
13191.25
13191
13191.5
13191
13187.75
13189
13187.75
13187.5
13186.5
13184
13183.5
13184.5
13184.25
13181.75
13180.75
13179.25
13178.25
13179.75
13181.75
13181.75
13184.5
13184.5
13183.75
13184
13182.75
13183.75
13185.75
13185.25
13185.25
13185.5
13186.5
13186.5
13182.5
13184.5
13184
13185.75
13185.5
13186
13185.5
13186.25
13187.75
13186.25
13185.25
13188.25
13186.25
13186.25
13186
13185.75
13185.75
13184.75
13190.75
13189
13191.5
13192.25
13195.25
13194.5
13193.5
13194
13195.75
13195.5
13195
13195.5
13198.5
13195.75
13195.75
13196.25
13199
13198
13196.25
13195
13197.25
13197.5
13196.5
13192.5
13194.25
13196
13195.5
13195.75
13196.5
13196.25
13197
13196.75
13198
13196.5
13195.75
13195.25
13195.75
13196.5
13195.25
13195.5
13196.5
13196.5
13195.75
13195.25
13195
13194.25
13194.75
13193
13193.75
13192.5
13191
13190.5
13190.5
13191
13191
13189
13191.5
13192.25
13191.5
13191.25
13192.25
13192.75
13190.75
13191.75
13192
13191
13189.75
13186.75
13186.5
13186.5
13187.25
13186
13185.5
13185.25
13185.25
13185.5
13188
13187.5
13187.5
13189
13186.75
13188
13189.5
13188
13191.5
13189.5
13189.5
13189.25
13191
13196.5
13193.75
13192
13186
13188.75
13185.75
13185.75
13187
13190.25
13190.25
13191.75
13192
13191.75
13191.75
13191.5
13193.75
13193.5
13195.25
13195.75
13194.5
13196.5
13197.25
13197.25
13198.25
13201.25
13200.5
13201.75
13202.25
13203.25
13204.5
13204.75
13205
13207.75
13210.25
13210
13210.75
13211.75
13212.5
13210.75
13212.75
13215
13212.5
13211.25
13209.25
13210.75
13212
13210.75
13210
13210.25
13208.5
13209
13210.25
13209.5
13207.5
13207.25
13207
13206.5
13206.75
13205.75
13204.5
13205.75
13204.75
13203.75
13203.25
13202
13202
13202.5
13201.25
13200.75
13200.25
13202.5
13202
13202
13205
13203.75
13204.75
13205
13205.5
13204.75
13204.75
13203.25
13202.25
13202
13201.5
13200.5
13198.75
13200.5
13200.5
13200
13200.5
13200
13199
13199.25
13199
13199.25
13199
13196.75
13193
13193.25
13193.25
13193
13192.75
13191.25
13191.25
13192.25
13194.75
13196.25
13196.25
13195.25
13196.5
13194.25
13194.75
13196.75
13196.25
13195.25
13197.25
13195.75
13196.5
13196.75
13198.75
13196.5
13199.25
13197.75
13195.25
13196.5
13196.25
13195.5
13195
13194.5
13195.5
13195.75
13195.75
13195.75
13195.5
13193.75
13195
13194
13194.5
13194.75
13191.75
13191.75
13192.5
13192.5
13191.75
13193.25
13192.75
13194.75
13193.75
13195.25
13196.75
13196
13194.25
13193.75
13192.75
13193.25
13194
13194
13194.75
13195.25
13195
13195.5
13195.5
13194.5
13193.25
13193.5
13194.75
13194.25
13194.5
13192
13192.5
13192
13191.75
13191.75
13192
13191.25
13190.75
13192.25
13189.75
13190.75
13191.75
13192.25
13192.25
13191.25
13192.5
13192
13191.5
13190.5
13190.75
13189.5
13191.25
13191.75
13192.75
13193.25
13192.5
13193.5
13193.5
13193
13192.5
13190.25
13192
13192.25
13191
13192
13193
13193.5
13193.75
13195.25
13194.5
13195.75
13197
13198.25
13199.25
13202
13202.25
13202
13201
13200.5
13200.25
13200.5
13202
13202.5
13203.25
13202.25
13201.25
13202.25
13202
13201.75
13202
13201.75
13201.5
13199.5
13200.25
13200.75
13199.75
13198.5
13198.25
13198.5
13197.25
13198.25
13199.25
13194.5
13193.75
13195.75
13195.5
13195.75
13196
13196
13196.75
13198
13196.75
13197.5
13197.5
13198.25
13198.25
13199.75
13200
13200.25
13200.25
13200.25
13199
13198.75
13198.25
13198
13197
13197.25
13198
13197.75
13198.25
13197.75
13197.25
13196.75
13194.75
13196.25
13196.25
13196.25
13196.5
13195.75
13196
13196.25
13195.5
13196
13194.5
13195.75
13195.75
13196.25
13196.5
13197.25
13198.25
13199.75
13199.25
13198.75
13197.25
13198.75
13197
13195
13194.75
13195
13194.25
13195.25
13195.25
13193.25
13193.5
13193.5
13193.5
13193.5
13193
13193
13193.75
13195.25
13197.25
13196.25
13194.75
13195
13195
13195
13194.75
13195.5
13194.5
13196
13197.25
13196.5
13194.25
13195.25
13195.25
13194.25
13194.75
13193.75
13193
13193
13194
13195
13195.25
13194
13194
13194.5
13193.25
13192.75
13192.5
13192.25
13193
13192.75
13193.25
13193.5
13194
13194.5
13195.5
13195.25
13194
13195.75
13195.75
13196.25
13196
13194.25
13195.5
13195.25
13196.25
13191.75
13187
13187.5
13191
13188.5
13189.5
13186.75
13186
13191.75
13192.75
13194
13194
13193
13194.75
13195
13193.25
13195.5
13196.5
13197.5
13196.75
13197.5
13196.5
13197.25
13197.75
13197.5
13197.5
13197.25
13199.5
13198.75
13197
13197.75
13197
13196.25
13197.25
13197.5
13198.75
13198.75
13198.5
13197.75
13196.5
13196.75
13193.25
13194.25
13193.75
13194.25
13189
13188.75
13187.25
13188
13186.25
13187.5
13189
13186.75
13188.75
13188.5
13188.25
13187.75
13187.75
13186.5
13187.25
13190
13189
13188
13188.5
13183.75
13180
13179.75
13182.25
13191.25
13188.5
13195
13193.5
13196.75
13201.75
13198.75
13198.25
13200.25
13201.5
13205
13206
13209.75
13209
13214
13214.5
13209.5
13207.5
13207.75
13209.5
13213.25
13208.75
13209.5
13210
13211.5
13214.5
13213
13211.75
13212.75
13214
13211
13210.75
13208.5
13211.5
13210.75
13210.5
13209.5
13208
13204.5
13204.5
13205.5
13207.25
13206.5
13209.25
13209.25
13210.5
13211
13209.5
13209.5
13207.5
13208.25
13207.5
13209.25
13209
13208
13204.5
13203.75
13201
13197
13196.25
13197.75
13197.5
13194.5
13193
13192.25
13189
13188.5
13187.75
13186
13185
13189.5
13186.5
13188.75
13188.75
13185.25
13184
13186.25
13185.75
13181.75
13186.25
13186
13183.75
13183.5
13183.5
13182.25
13181.75
13181.5
13183
13184.25
13184.5
13185.25
13184.5
13184
13182.75
13184.5
13185
13185.75
13182
13183.75
13182.25
13182
13183
13184.5
13183.25
13181.75
13181.25
13183.75
13183.5
13183
13182.5
13182
13182
13178.75
13176.25
13176
13175.25
13174.5
13176.5
13178.75
13175
13174
13171.75
13173
13173.75
13173.75
13173.75
13174.75
13175.75
13177
13179.25
13180.25
13180.75
13182.25
13182.25
13182.5
13182.25
13181.5
13179.25
13175.75
13177
13176.5
13177.25
13175.25
13172.5
13175.25
13176.75
13176
13175.5
13175.25
13172.5
13173.25
13175.25
13176.25
13177.75
13179
13178.25
13175.5
13173.5
13173.5
13172.25
13169.5
13168.5
13171.25
13169.75
13172
13172.5
13172.25
13172.75
13168
13164.25
13166.25
13168.25
13166
13167.5
13166
13167.5
13165.75
13168
13167
13166
13168.5
13168
13166
13165.25
13163.5
13159
13157
13158
13154.25
13151.5
13153
13155
13153.5
13157.25
13159
13159.75
13161.5
13162.75
13164.75
13165.5
13167
13165.75
13166.5
13162
13158.25
13158.5
13157.5
13159.5
13161
13161.5
13164
13164
13164.5
13166
13167.25
13168
13165.75
13167.25
13168.25
13171
13170.25
13172.25
13163.75
13164.25
13153.5
13149.75
13137.25
13129.5
13127.5
13128.25
13135.5
13137.25
13142
13136.25
13137.5
13144.5
13136.5
13136.25
13140.25
13136.5
13136.5
13133.75
13136.5
13141
13146.25
13144.25
13143.25
13139
13143.25
13138.25
13133.75
13134.25
13130.75
13130.75
13138.25
13139.25
13142.75
13140.5
13144
13144
13145
13149
13151
13151.25
13147.75
13146.75
13143.25
13146
13143
13141.75
13142.25
13144.5
13145
13140.25
13139.5
13140.75
13142.25
13139.25
13136.25
13135.75
13141.5
13144.75
13143.75
13143
13146.75
13148.25
13149.75
13146
13144.5
13143
13142.75
13146
13147.5
13144.75
13154.75
13155
13157.25
13154.5
13155.75
13154.75
13153
13156.5
13160
13161.25
13164.5
13164.25
13165.5
13165.75
13163.5
13164.5
13167
13165.75
13164
13163.25
13160.5
13156.75
13156.25
13157.75
13158.5
13158.75
13160.75
13156.25
13141.25
13155.75
13158.5
13144.75
13128.75
13132.25
13134.75
13137.25
13146.25
13141
13129
13138.75
13136.75
13134.75
13119.5
13110
13117.75
13113
13115
13119
13122.25
13118.5
13121
13119.75
13113.25
13106.25
13116.75
13117.75
13113.25
13121
13118.75
13126.75
13125.75
13124
13126
13120.25
13122.5
13117.25
13125.75
13128.75
13132.75
13132
13126.75
13128.25
13126.25
13129.25
13131.5
13135.5
13135.75
13134.25
13132.75
13134.5
13133.75
13132.5
13135.5
13135.75
13133.25
13133.75
13134.5
13139.5
13153.5
13149.75
13144.5
13139.5
13153.5
13157.25
13172
13180
13195
13196.25
13197.5
13191
13197
13203
13211.5
13214.5
13222
13226
13227.25
13223
13236
13234.75
13237.5
13236.25
13235.5
13234.75
13247.5
13246.75
13247.75
13237.5
13221
13241.25
13248.75
13243.5
13248.75
13233.75
13217.25
13209
13192.75
13177.75
13188
13188.25
13189.25
13193.75
13189.5
13185
13188
13185.75
13165.5
13158
13165
13149.5
13148
13151
13138.25
13146.25
13152.5
13143.75
13140
13141.75
13152
13153
13131.5
13131.75
13138.5
13140.75
13129
13138.5
13136.5
13144.25
13136.25
13131.25
13120.5
13132
13138
13130.5
13136
13148
13152.5
13142.75
13147.75
13141.25
13136.75
13130
13124.5
13126.5
13129.25
13135.75
13146.75
13142.75
13139.75
13147
13147.5
13135.5
13131.75
13135.25
13143
13147.5
13142.5
13144
13152
13160
13161.75
13161
13164
13160.75
13169.5
13164.75
13164.5
13165.75
13167.25
13159.25
13158
13158.5
13149.25
13140.5
13139.25
13142.25
13136.75
13135.5
13137.75
13139.75
13127.25
13132.5
13138.75
13136.5
13127.25
13124.75
13116.75
13113.75
13120.5
13123
13124.5
13123
13125.75
13130
13130.5
13134
13128
13121.75
13118.75
13124.5
13125.75
13130.75
13126.5
13117.5
13120.5
13126.75
13126.75
13128
13125.75
13126.25
13123.75
13117
13113.5
13124.5
13102.75
13107.5
13108.25
13115.75
13109.75
13105.5
13108
13103.25
13105
13100
13103
13105.5
13100.5
13106.5
13102.25
13107.5
13112.75
13109.25
13102.5
13109.25
13104.5
13107
13103.5
13107.75
13102.75
13097.5
13095.75
13103.75
13101.75
13096
13097.5
13097.5
13094.5
13089
13089.75
13091.75
13087.25
13087
13076
13067.25
13061
13066.25
13067.75
13066.5
13071
13070.75
13071
13067.25
13066.25
13063.75
13068.75
13067
13069.25
13069.5
13073
13071.75
13078.25
13082
13085
13097
13091.5
13090.5
13090.25
13094
13095.75
13101.75
13099.5
13101.25
13098.75
13103
13105.75
13110.5
13109.75
13107.25
13098
13092
13085.5
13096.5
13095
13094.75
13090.75
13091.25
13090.5
13082.5
13073.5
13067
13073.5
13071.75
13073
13065.25
13070
13068
13070.5
13075.75
13091.5
13093.75
13089
13081.25
13081
13078
13079.5
13090.75
13093.5
13089.5
13094.25
13094
13096.75
13101
13103
13110
13108.25
13111
13109
13107.5
13110
13104.5
13103
13100.5
13099.25
13102
13108.75
13110.5
13111.5
13110.5
13113.5
13114.75
13113.25
13118.5
13123.75
13129.75
13133.75
13133.75
13133.5
13129.5
13130.25
13132.75
13142.5
13151.25
13148
13143.75
13148.5
13146.75
13152.75
13152.75
13164
13159.5
13164.75
13163.75
13164
13163.75
13163.75
13149.75
13155
13153.25
13151.25
13151.5
13154.25
13156.5
13163.5
13158
13158.25
13165.5
13167
13168.5
13163
13164.25
13153.5
13152.25
13157.25
13161.75
13161.25
13165
13164.25
13167.5
13164.25
13162.25
13159.5
13157
13158
13150.75
13153.75
13154
13158.5
13157
13152
13154
13146
13145
13134.75
13121
13120.5
13133.75
13132.75
13133.5
13130
13129.25
13137.5
13144.25
13149.25
13157.25
13155
13161.75
13158.75
13158.25
13157.5
13157.5
13158.25
13157
13157.5
13161.5
13163.25
13161.5
13161
13169.5
13168
13170.75
13174
13178.75
13184
13182.75
13180.25
13179.5
13183.25
13182.25
13170
13174.25
13174
13172.25
13169.75
13170.25
13172.5
13174
13180.5
13180.75
13182.75
13186.25
13186
13187
13186.25
13187
13186.5
13189
13189
13190.5
13190
13187.75
13189.25
13188
13188.5
13191.75
13192.25
13193
13195.75
13199.5
13199.75
13199.25
13198.25
13197
13198.75
13199
13202.25
13200.75
13199.75
13201
13202.75
13202.75
13205.25
13204.25
13204
13202.5
13201.75
13201.5
13201
13204
13206.25
13208
13210.25
13211.25
13210.25
13209.25
13207
13207
13204.5
13204.25
13202.75
13201.25
13201
13201.25
13203.75
13200.25
13199.5
13198.25
13198.5